%YAML:1.0
calibration_time: "03/24/16 12:32:29"
image_width: 640
image_height: 480
board_width: 9
board_height: 6
square_size: 2.5000000372529030e-002
aspectRatio: 1.
flags: 2
camera_matrix: !!opencv-matrix
   rows: 3
   cols: 3
   dt: d
   data: [ 7.2522480071940356e+002, 0., 3.1187702027500166e+002, 0.,
       7.2522480071940356e+002, 2.8583709152466275e+002, 0., 0., 1. ]
distortion_coefficients: !!opencv-matrix
   rows: 5
   cols: 1
   dt: d
   data: [ -4.6395103415233624e-001, 2.0966392558191838e+000,
       1.1886578907297579e-002, -1.6768264764148485e-003,
       -3.6235081355632288e+000 ]
avg_reprojection_error: 2.4637051897427500e+000
image_points: !!opencv-matrix
   rows: 10
   cols: 54
   dt: "2f"
   data: [ 1.74416016e+002, 1.44620667e+002, 2.14844574e+002,
       1.38812286e+002, 2.56729248e+002, 1.33292160e+002,
       2.99812714e+002, 1.27274757e+002, 3.43924683e+002,
       1.20987854e+002, 3.89787415e+002, 1.17388672e+002,
       4.36697754e+002, 1.13863686e+002, 4.83945496e+002,
       1.11039055e+002, 5.31893250e+002, 1.07675674e+002,
       1.69947174e+002, 1.81938065e+002, 2.11354584e+002,
       1.76368607e+002, 2.54052170e+002, 1.70480240e+002,
       2.98566895e+002, 1.65255264e+002, 3.44692169e+002,
       1.61505585e+002, 3.91896454e+002, 1.58730133e+002,
       4.39949738e+002, 1.56264328e+002, 4.88205963e+002,
       1.53680695e+002, 5.36528137e+002, 1.51857544e+002,
       1.64747650e+002, 2.20704834e+002, 2.07297150e+002,
       2.15486282e+002, 2.51584030e+002, 2.10631378e+002,
       2.98423798e+002, 2.07744934e+002, 3.45829712e+002,
       2.05381927e+002, 3.94085541e+002, 2.03451477e+002,
       4.43020966e+002, 2.01555420e+002, 4.91720001e+002,
       1.99920792e+002, 5.40557922e+002, 1.98408279e+002,
       1.59042862e+002, 2.61982666e+002, 2.03379486e+002,
       2.57769196e+002, 2.50510437e+002, 2.55693939e+002,
       2.98726074e+002, 2.54006760e+002, 3.47288330e+002,
       2.52529465e+002, 3.96313049e+002, 2.51179565e+002,
       4.45533356e+002, 2.49874817e+002, 4.94555267e+002,
       2.48592880e+002, 5.43400879e+002, 2.47403168e+002,
       1.54153595e+002, 3.06517822e+002, 2.01947617e+002,
       3.05273102e+002, 2.50484985e+002, 3.03951355e+002,
       2.99719482e+002, 3.02898041e+002, 3.48684692e+002,
       3.01615723e+002, 3.97919342e+002, 3.00386597e+002,
       4.47247559e+002, 2.99190552e+002, 4.96090607e+002,
       2.97721283e+002, 5.44747437e+002, 2.96484894e+002,
       1.55185226e+002, 3.53696350e+002, 2.03442062e+002,
       3.53238983e+002, 2.51934036e+002, 3.52749969e+002,
       3.00923309e+002, 3.51394073e+002, 3.49773193e+002,
       3.50399475e+002, 3.98714691e+002, 3.49081879e+002,
       4.47754303e+002, 3.47600616e+002, 4.96269257e+002,
       3.46056091e+002, 5.44645081e+002, 3.44874756e+002,
       1.79441528e+002, 1.41178528e+002, 2.20335663e+002,
       1.35722488e+002, 2.62552185e+002, 1.30902344e+002,
       3.06161011e+002, 1.25382690e+002, 3.50551300e+002,
       1.19701042e+002, 3.96845428e+002, 1.16754265e+002,
       4.44174774e+002, 1.13944977e+002, 4.91571930e+002,
       1.11696571e+002, 5.39670898e+002, 1.09338829e+002,
       1.74837082e+002, 1.78411591e+002, 2.16760010e+002,
       1.73623367e+002, 2.59806427e+002, 1.68247589e+002,
       3.04793243e+002, 1.63694733e+002, 3.51166595e+002,
       1.60853729e+002, 3.98751495e+002, 1.58577057e+002,
       4.46925476e+002, 1.57095322e+002, 4.95259094e+002,
       1.55273956e+002, 5.43541382e+002, 1.54229294e+002,
       1.69588730e+002, 2.17654572e+002, 2.12614838e+002,
       2.13042480e+002, 2.57253754e+002, 2.08904190e+002,
       3.04427246e+002, 2.06876831e+002, 3.52250397e+002,
       2.05153656e+002, 4.00572144e+002, 2.03948013e+002,
       4.49399719e+002, 2.02800873e+002, 4.97944305e+002,
       2.02170715e+002, 5.46488953e+002, 2.01363754e+002,
       1.64151199e+002, 2.59280731e+002, 2.08831192e+002,
       2.55954163e+002, 2.56157532e+002, 2.54579895e+002,
       3.04721741e+002, 2.53543991e+002, 3.53449738e+002,
       2.52642014e+002, 4.02174011e+002, 2.52075974e+002,
       4.51225403e+002, 2.51355774e+002, 4.99804688e+002,
       2.50780228e+002, 5.47865173e+002, 2.50150986e+002,
       1.59342361e+002, 3.04241089e+002, 2.07449326e+002,
       3.03541901e+002, 2.56067749e+002, 3.02830719e+002,
       3.05416992e+002, 3.02296661e+002, 3.54334259e+002,
       3.01667847e+002, 4.03200226e+002, 3.00982758e+002,
       4.52083771e+002, 3.00236572e+002, 5.00368622e+002,
       2.99551147e+002, 5.48509277e+002, 2.98570007e+002,
       1.60200195e+002, 3.51430359e+002, 2.08488068e+002,
       3.51366730e+002, 2.56908905e+002, 3.51563171e+002,
       3.06189514e+002, 3.50491272e+002, 3.54715729e+002,
       3.50044464e+002, 4.03468628e+002, 3.49171753e+002,
       4.51945618e+002, 3.48350952e+002, 4.99950836e+002,
       3.47159119e+002, 5.47898132e+002, 3.46630066e+002,
       2.53293686e+002, 4.45958290e+001, 2.90637878e+002,
       4.25533257e+001, 3.30393005e+002, 4.06897545e+001,
       3.70451324e+002, 3.87110329e+001, 4.11827271e+002,
       3.63839073e+001, 4.54194000e+002, 3.74744415e+001,
       4.97645294e+002, 3.91877327e+001, 5.41407837e+002,
       4.09740486e+001, 5.85120056e+002, 4.20918732e+001,
       2.45641098e+002, 7.59887619e+001, 2.85012909e+002,
       7.45688400e+001, 3.24388763e+002, 7.27173691e+001,
       3.66438507e+002, 7.13750916e+001, 4.08811127e+002,
       7.17138443e+001, 4.52124237e+002, 7.34265900e+001,
       4.96482300e+002, 7.54487228e+001, 5.40851929e+002,
       7.68838959e+001, 5.86601135e+002, 7.89017487e+001,
       2.38595581e+002, 1.08883301e+002, 2.78003754e+002,
       1.08111404e+002, 3.19343048e+002, 1.07119637e+002,
       3.62090363e+002, 1.08049095e+002, 4.05765991e+002,
       1.09627594e+002, 4.49860870e+002, 1.11331100e+002,
       4.95119598e+002, 1.13100693e+002, 5.40801941e+002,
       1.15434555e+002, 5.86611450e+002, 1.16745796e+002,
       2.30555542e+002, 1.44465103e+002, 2.71733887e+002,
       1.44087265e+002, 3.14157196e+002, 1.45295853e+002,
       3.58130463e+002, 1.47100662e+002, 4.02414612e+002,
       1.48970703e+002, 4.47586304e+002, 1.50841965e+002,
       4.93868744e+002, 1.53533951e+002, 5.40406067e+002,
       1.55212234e+002, 5.88342957e+002, 1.57840820e+002,
       2.23314087e+002, 1.81500336e+002, 2.65605743e+002,
       1.83501862e+002, 3.09295074e+002, 1.85422440e+002,
       3.53899506e+002, 1.87888824e+002, 3.99286957e+002,
       1.90253769e+002, 4.45300781e+002, 1.92514130e+002,
       4.92351501e+002, 1.95099106e+002, 5.40279907e+002,
       1.97803177e+002, 5.88623657e+002, 1.99576721e+002,
       2.16398087e+002, 2.22754272e+002, 2.59873657e+002,
       2.25239639e+002, 3.04137268e+002, 2.27708679e+002,
       3.49695892e+002, 2.30740875e+002, 3.95824127e+002,
       2.33656769e+002, 4.42746246e+002, 2.35980698e+002,
       4.91057098e+002, 2.39045853e+002, 5.39597412e+002,
       2.41118515e+002, 5.89878357e+002, 2.44318970e+002,
       2.58416809e+002, 5.64466362e+001, 2.92590027e+002,
       5.16534309e+001, 3.27971161e+002, 4.72176018e+001,
       3.64139282e+002, 4.22175751e+001, 4.00616364e+002,
       3.69660339e+001, 4.37672913e+002, 3.40578995e+001,
       4.76559784e+002, 3.22269020e+001, 5.14311035e+002,
       3.01774921e+001, 5.53370605e+002, 2.73688488e+001,
       2.55108444e+002, 8.08160858e+001, 2.90500397e+002,
       7.65577087e+001, 3.26187195e+002, 7.15271378e+001,
       3.64166748e+002, 6.68156052e+001, 4.01487976e+002,
       6.31993446e+001, 4.40336823e+002, 6.03639488e+001,
       4.79406281e+002, 5.82382851e+001, 5.19306641e+002,
       5.56109161e+001, 5.59327637e+002, 5.27616882e+001,
       2.51447342e+002, 1.06776932e+002, 2.87759491e+002,
       1.02189690e+002, 3.25079773e+002, 9.77649307e+001,
